272
4
10
0
0
2
3061
0
12797
0
20
1
0
3
0
8
1
0
0
0
0
0
10362
0
64
4096
0
0
0
0
0
0
0
0
0
0
0
0
0
0
0
0
0
0
0
0
0
0
0
0
0
0
0
0
0
0
0
0
0
0
0
0
0
0
0
0
0
0
0
0
0
0
0
0
0
0
0
0
0
0
0
0
0
0
0
0
0
0
0
0
0
0
0
0
0
0
0
0
0
0
0
0
0
0
0
0
0
0
0
0
0
0
0
0
0
0
0
0
0
0
0
0
0
0
0
0
0
0
0
0
0
0
0
0
0
0
0
0
0
0
0
0
0
0
0
0
0
0
0
0
0
0
0
0
0
0
0
0
0
0
0
0
0
0
0
0
0
0
0
0
0
0
0
0
0
0
0
0
0
0
0
0
0
0
0
0
0
0
0
0
0
0
0
0
0
0
0
0
0
0
0
0
0
0
0
0
0
0
0
0
0
0
0
0
0
0
0
1
5
-96
-70
-50
-24
0
-96
-70
-50
-24
0
50
50
1
-7
1
50
0
-60
0
7
16384
256
4096
12055
32442
23170
4096
0
5
-80
-70
-50
-24
0
-96
-86
-50
-24
0
1000
50
0
5
1000
120
0
0
0
0
0
0
0
0
