516
4
10
0
0
2
3061
0
12797
0
20
1
1
0
0
1
0
1
2
0
1
0
1
110
8192
1
1
200
0
700
1
3600
1
31
0
8192
2048
0
128
8192
2048
96
8192
1024
1
767
250
64
64
600
3000
2000
512
256
256
128
4000
1000
512
384
256
256
0
32767
0
0
3000
280
512
768
8230
5827
16384
150
16384
150
1280
350
400
256
256
256
256
0
8231
8231
8231
8231
-6
9830
50
16384
16384
1
8000
32
64
64
16384
512
6826
6826
6826
6826
6826
6826
6826
6826
6826
6826
6826
6826
6826
6826
6826
0
0
2037
1878
0
82
74
0
0
0
140
0
0
0
0
8192
8192
2048
96
8192
1024
64
8192
1024
2
776
2048
64
8192
1024
48
8192
512
2
776
2048
16384
15
11470
32767
60
0
41
3840
96
96
26213
2048
10
24
601
31553
475
-577
-233
236
-28
-211
-79
-225
-252
3032
-115
6416
-3363
25
164
16
256
32767
281
256
128
128
600
0
281
300
128
128
4000
3000
128
300
256
128
128
5000
2000
64
32767
0
0
32767
16384
512
16384
8192
2048
2048
2048
1200
2000
4000
0
0
0
20
20
20
1162
1642
1642
1642
2602
2602
9093
512
512
2048
5
16384
16384
5827
819
1024
32767
8192
32767
3
16384
16384
80
12
300
512
768
768
32
64
8000
64
16800
2048
6826
6826
6826
6826
6826
6826
6826
6826
6826
6826
6826
6826
6826
6826
6826
6826
6826
6826
6826
6826
6826
6826
6826
6826
6826
6826
6826
6826
6826
6826
6826
6826
6826
6826
6826
0
7
16384
128
8192
25520
32685
23197
9216
1
32
-64
3
-94
-46
-111
8
-112
-88
-172
-35
-214
-157
-284
75
-202
-236
5074
-229
-199
76
-263
-142
-234
-53
-141
-64
-105
17
-106
-38
-97
-2
0
0
0
0
0
0
0
0
0
0
0
0
0
0
0
0
0
0
0
0
0
0
0
0
0
0
0
0
0
0
0
0
0
0
0
0
0
0
0
0
0
0
0
0
0
0
0
0
0
0
0
0
0
0
0
0
0
0
0
0
0
0
0
0
0
0
0
0
0
0
0
0
0
0
0
0
0
0
0
0
0
0
0
0
0
0
0
0
0
0
0
0
0
0
0
0
0
0
0
0
0
0
0
0
0
0
0
0
0
0
0
0
0
0
0
0
0
0
0
0
0
0
0
0
0
0
0
0
0
0
0
0
0
0
0
0
0
0
0
0
0
0
0
0
0
0
0
0
0
0
0
0
0
0
0
0
0
0
0
0
1
5
-80
-72
-70
-24
0
-90
-82
-70
-24
0
200
600
1
-11
0
-90
9