516
4
10
0
0
2
3061
0
12797
0
20
1
1
0
0
1
0
1
2
0
1
0
1
110
8192
1
1
200
0
700
1
3600
1
31
0
8192
4096
0
96
8192
4096
64
8192
1024
1
100
350
256
256
600
6000
4000
512
256
256
128
5000
2000
256
128
128
64
0
32767
0
0
6000
280
512
768
8230
512
16384
150
0
256
1280
350
400
256
256
256
256
0
8231
8231
8231
8231
-6
9830
50
16384
16384
1
8000
32
64
64
16800
2048
6826
6826
6826
6826
6826
6826
6826
6826
6826
6826
6826
6826
6826
6826
6826
0
0
2037
1878
0
82
74
0
0
0
140
0
0
0
0
8192
8192
2048
96
8192
1024
64
8192
1024
2
776
2048
64
8192
1024
48
8192
512
2
776
2048
16384
15
11470
32767
60
0
41
3840
96
96
26213
2048
10
24
601
31553
475
-577
-233
236
-28
-211
-79
-225
-252
3032
-115
6416
-3363
25
164
16
256
32767
281
256
128
128
600
0
281
300
128
128
4000
3000
128
300
256
128
128
5000
2000
64
32767
0
0
32767
16384
512
16384
8192
2048
2048
2048
1200
2000
4000
0
0
0
20
20
20
1162
1642
1642
1642
2602
2602
9093
512
512
2048
5
16384
16384
5827
819
1024
32767
8192
32767
3
16384
16384
80
12
300
512
768
768
32
64
8000
64
16800
2048
6826
6826
6826
6826
6826
6826
6826
6826
6826
6826
6826
6826
6826
6826
6826
6826
6826
6826
6826
6826
6826
6826
6826
6826
6826
6826
6826
6826
6826
6826
6826
6826
6826
6826
6826
0
7
16384
128
8192
25520
32685
23197
9216
1
32
-67
1
-103
-47
-110
6
-126
-97
-172
-19
-259
-164
-315
170
-285
-354
5595
-347
-282
171
-294
-147
-281
-39
-137
-71
-120
15
-105
-38
-108
-6
0
0
0
0
0
0
0
0
0
0
0
0
0
0
0
0
0
0
0
0
0
0
0
0
0
0
0
0
0
0
0
0
0
0
0
0
0
0
0
0
0
0
0
0
0
0
0
0
0
0
0
0
0
0
0
0
0
0
0
0
0
0
0
0
0
0
0
0
0
0
0
0
0
0
0
0
0
0
0
0
0
0
0
0
0
0
0
0
0
0
0
0
0
0
0
0
0
0
0
0
0
0
0
0
0
0
0
0
0
0
0
0
0
0
0
0
0
0
0
0
0
0
0
0
0
0
0
0
0
0
0
0
0
0
0
0
0
0
0
0
0
0
0
0
0
0
0
0
0
0
0
0
0
0
0
0
0
0
0
0
1
5
-80
-72
-70
-24
0
-90
-82
-70
-24
0
200
600
1
-5
0
-90
3