516
4
10
0
0
2
3061
0
12797
0
20
1
1
3
0
1
0
1
2
0
1
0
1
230
8192
1
1
100
0
700
1
7200
1
223
0
8192
4096
0
128
8192
4096
96
8192
1024
2
100
256
128
128
2200
22000
15000
768
512
512
64
22000
18000
768
512
512
256
0
32767
16384
16384
1000
280
512
768
10361
512
16384
150
32767
256
1280
350
400
256
256
256
256
0
8231
8231
8231
8231
-6
9830
50
16384
16384
0
20000
16
64
64
16800
5000
6826
6826
6826
6826
6826
6826
6826
6826
6826
6826
6826
6826
6826
6826
6826
0
1
5119
546
0
82
74
0
0
0
150
0
0
0
0
16384
8192
4096
128
8192
4096
96
8192
1024
2
100
2048
64
8192
768
48
8192
512
2
100
4096
12288
45
11470
32767
60
330
41
3840
96
96
26213
2048
10
24
0
0
0
0
22938
0
0
0
0
0
0
0
22938
0
0
0
164
16
256
32767
281
350
64
64
2200
0
281
768
256
256
16000
8000
384
300
640
256
256
8000
6000
256
32767
16384
16384
32767
16384
512
12000
8192
1024
1024
1024
1200
4000
8000
0
0
0
20
20
20
1036
3276
2067
1036
3276
2067
9093
2048
512
2048
5
16384
16384
5827
819
128
32767
8192
32767
6
16384
16384
80
12
300
512
768
768
32
64
12000
64
16728
2048
6826
6826
6826
6826
6826
6826
6826
6826
6826
6826
6826
6826
6826
6826
6826
6826
6826
6826
6826
6826
6826
6826
6826
6826
6826
6826
6826
6826
6826
6826
6826
6826
6826
6826
6826
0
7
16384
256
4096
12055
32442
23170
4096
1
64
-3
13
11
9
-7
15
-46
3
-22
-9
9
16
-5
45
-18
46
14
9
44
26
18
75
-45
38
-35
-91
66
-64
-40
227
-334
863
4279
209
-161
47
40
128
-12
-15
-59
-26
-90
2
-8
19
-24
12
-10
15
-13
26
-2
19
-18
8
-23
3
-19
7
-13
3
-21
0
0
0
0
0
0
0
0
0
0
0
0
0
0
0
0
0
0
0
0
0
0
0
0
0
0
0
0
0
0
0
0
0
0
0
0
0
0
0
0
0
0
0
0
0
0
0
0
0
0
0
0
0
0
0
0
0
0
0
0
0
0
0
0
0
0
0
0
0
0
0
0
0
0
0
0
0
0
0
0
0
0
0
0
0
0
0
0
0
0
0
0
0
0
0
0
0
0
0
0
0
0
0
0
0
0
0
0
0
0
0
0
0
0
0
0
0
0
0
0
0
0
0
0
0
0
0
0
0
1
5
-86
-76
-70
-24
0
-96
-86
-70
-24
0
400
800
1
-13
0
-93
0