516
4
10
0
0
2
3061
0
12797
0
20
1
1               
3               
0               
1               
0               
1               
2               
0               
1               
0               
1               
230              
8192            
1               
1               
150             
0               
700             
0               
7000            
1               
287              
0               
8192            
2048            
0               
80              
8192            
2048            
64              
8192            
1024            
1               
776             
512             
512             
256             
1200            
6000            
2000            
512             
384             
384             
128             
2000            
1000            
384             
128             
128             
32              
0               
32767           
16384               
16384           
6000            
280             
512             
768             
10362           
512             
16384           
150             
32767           
256             
1280            
350             
400             
256             
256             
256             
256             
0               
8231            
8231            
8231            
8231            
-6              
9830            
50              
16384           
16384           
16              
12000           
32              
64              
64              
16800           
1024            
6826            
6826            
6826            
6826            
6826            
6826            
6826            
6826            
6826            
6826            
6826            
6826            
6826            
6826            
6826            
0               
0               
2039            
6               
0               
82              
74              
0               
0               
0               
150             
0               
0               
0               
0               
8192            
8192            
2048            
96              
8192            
1024            
80              
8192            
1024            
2               
100             
2048            
80              
8192            
768             
64              
8192            
512             
2               
100             
2892            
16384           
15              
11470           
6000            
500             
150             
41              
3840            
96              
96              
26213           
2048            
10              
24              
-69             
32419           
-60             
-30             
-42             
-41             
84              
-108            
275             
-460            
720             
4340            
482             
470             
-2              
134             
164             
16              
256             
32767           
281             
384             
128             
128             
2200            
0               
281             
512             
128             
128             
3000            
2000            
64              
300             
512             
512             
512             
4000            
3000            
64              
32767           
16384           
16384           
32767           
16384           
512             
12000           
13000           
1474            
2048            
2048            
1500            
4000            
8000            
0               
0               
0               
20              
20              
20              
823             
2067            
2603            
2067            
823             
823             
9093            
1024            
2048            
4096            
5               
16384           
16384           
5827            
0               
64              
32767           
8192            
32767           
0               
16384           
16384           
80              
12              
300             
512             
768             
768             
32              
64              
8000            
64              
16800           
2048            
6826            
6826            
6826            
6826            
6826            
6826            
6826            
6826            
6826            
6826            
6826            
6826            
6826            
6826            
6826            
6826            
6826            
6826            
6826            
6826            
6826            
6826            
6826            
6826            
6826            
6826            
6826            
6826            
6826            
6826            
6826            
6826            
6826            
6826            
6826            
0               
7               
16384           
256             
4096            
12055           
32442           
23170           
4096            
1               
64              
2               
-3              
-17             
-1              
25              
-38             
21              
37              
-35             
18              
71              
-52             
34              
90              
-43             
23              
131             
-53             
35              
146             
-40             
19              
180             
-43             
23              
189             
-23             
2               
213             
-24             
0               
4302            
-1              
-22             
213             
0               
-23             
189             
20              
-45             
183             
18              
-39             
146             
35              
-55             
131             
24              
-43             
91              
34              
-53             
72              
17              
-34             
36              
19              
-39             
24              
-1              
-17             
-4              
1               
-20             
0               
0               
0               
0               
0               
0               
0               
0               
0               
0               
0               
0               
0               
0               
0               
0               
0               
0               
0               
0               
0               
0               
0               
0               
0               
0               
0               
0               
0               
0               
0               
0               
0               
0               
0               
0               
0               
0               
0               
0               
0               
0               
0               
0               
0               
0               
0               
0               
0               
0               
0               
0               
0               
0               
0               
0               
0               
0               
0               
0               
0               
0               
0               
0               
0               
0               
0               
0               
0               
0               
0               
0               
0               
0               
0               
0               
0               
0               
0               
0               
0               
0               
0               
0               
0               
0               
0               
0               
0               
0               
0               
0               
0               
0               
0               
0               
0               
0               
0               
0               
0               
0               
0               
0               
0               
0               
0               
0               
0               
0               
0               
0               
0               
0               
0               
0               
0               
0               
0               
0               
0               
0               
0               
0               
0               
0               
0               
0               
0               
5               
-86             
-76             
-65             
-24             
0               
-96             
-86             
-65             
-24             
0               
400             
800             
0               
0               
0               
-90             
7      