272
4
10
0
0
2
3061
0
12797
0
20
1
0
3
0
8
1
0
0
1
1
4096
96
1
64
2192
1184
167
91
191
42
-63
-22
1
-30
-82
-60
-49
-45
-59
-36
-23
-13
-12
15
19
31
24
37
38
37
22
25
15
15
-2
1
-11
-7
-15
-12
-20
-13
-18
-11
-14
-6
-8
-1
-5
6
0
7
0
9
2
7
2
6
-2
5
-2
7
1
5
-1
7
0
7
0
0
0
0
0
0
0
0
0
0
0
0
0
0
0
0
0
0
0
0
0
0
0
0
0
0
0
0
0
0
0
0
0
0
0
0
0
0
0
0
0
0
0
0
0
0
0
0
0
0
0
0
0
0
0
0
0
0
0
0
0
0
0
0
0
0
0
0
0
0
0
0
0
0
0
0
0
0
0
0
0
0
0
0
0
0
0
0
0
0
0
0
0
0
0
0
0
0
0
0
0
0
0
0
0
0
0
0
0
0
0
0
0
0
0
0
0
0
0
0
0
0
0
0
0
0
0
0
1
5
-96
-70
-60
-6
0
-96
-70
-60
-6
-6
50
400
1
-7
0
100
0
-78
0
7
16384
128
8192
25520
32685
23197
9216
1
5
-80
-68
-62
-24
0
-96
-84
-62
-24
0
50
1000
0
10
800
120
-8
-6
-4
-2
0
2
4
6