516
4
10
0
0
2
3061
0
12797
0
20
1
1
0
0
1
0
1
2
0
1
0
1
20
8192
1
1
150
0
700
1
3500
1
159
0
8192
4096
0
128
8192
6400
96
8192
1024
2
100
300
64
220
2200
16000
15000
768
400
400
384
8000
6000
768
768
768
128
0
32767
16384
16384
16000
280
512
768
8230
512
12000
150
32767
256
1280
350
400
256
256
256
256
0
8231
8231
8231
8231
-6
9830
50
16384
16384
1
8000
32
64
64
16800
2048
6826
6826
6826
6826
6826
6826
6826
6826
6826
6826
6826
6826
6826
6826
6826
0
1
1023
546
8
82
74
0
0
0
150
0
0
0
0
8192
8192
4096
128
8192
6400
96
8192
1024
2
100
2048
64
8192
768
48
8192
512
2
100
2048
12288
15
11470
32767
60
330
41
3840
96
96
26213
2048
10
16
0
0
0
0
22938
0
0
0
0
0
0
0
22938
0
0
0
164
16
256
32767
281
300
220
64
2200
0
281
768
400
400
16000
15000
384
300
768
768
768
8000
6000
128
32767
16384
16384
32767
16384
512
12000
8192
2048
2048
1474
700
1600
2600
0
0
0
20
20
20
1642
2603
823
1642
2603
823
9093
512
512
2048
5
16384
16384
5827
819
256
32767
8192
32767
6
16384
16384
80
12
300
512
768
768
32
64
8000
64
16800
2048
6826
6826
6826
6826
6826
6826
6826
6826
6826
6826
6826
6826
6826
6826
6826
6826
6826
6826
6826
6826
6826
6826
6826
6826
6826
6826
6826
6826
6826
6826
6826
6826
6826
6826
6826
0
7
16384
256
4096
12055
32442
23170
4096
1
32
-23
58
-58
-60
-24
44
-65
4
-50
68
-37
-1
-171
-291
-957
327
4124
332
-956
-266
-149
7
-36
57
-50
16
-66
45
-24
-67
-67
53
0
0
0
0
0
0
0
0
0
0
0
0
0
0
0
0
0
0
0
0
0
0
0
0
0
0
0
0
0
0
0
0
0
0
0
0
0
0
0
0
0
0
0
0
0
0
0
0
0
0
0
0
0
0
0
0
0
0
0
0
0
0
0
0
0
0
0
0
0
0
0
0
0
0
0
0
0
0
0
0
0
0
0
0
0
0
0
0
0
0
0
0
0
0
0
0
0
0
0
0
0
0
0
0
0
0
0
0
0
0
0
0
0
0
0
0
0
0
0
0
0
0
0
0
0
0
0
0
0
0
0
0
0
0
0
0
0
0
0
0
0
0
0
0
0
0
0
0
0
0
0
0
0
0
0
0
0
0
0
0
1
5
-80
-75
-68
-20
0
-90
-85
-68
-20
0
400
600
1
-14
0
-90
2