516
4
10
0
0
2
3061
0
12797
0
20
1
1
3
0
1
0
1
2
0
1
0
1
40
8192
1
1
100
0
700
1
7200
1
223
0
16384
4096
0
128
8192
4096
96
8192
1024
2
100
350
64
64
2200
16000
8000
768
256
256
384
8000
6000
640
256
256
256
0
32767
16384
16384
16000
280
512
768
8230
512
12000
150
0
256
1280
350
400
256
256
256
256
0
8231
8231
8231
8231
-6
9830
50
16384
16384
1
12000
32
64
64
16728
2048
6826
6826
6826
6826
6826
6826
6826
6826
6826
6826
6826
6826
6826
6826
6826
1
1
5119
546
0
82
74
0
0
0
150
0
0
0
0
16384
8192
4096
128
8192
4096
96
8192
1024
2
100
2048
64
8192
768
48
8192
512
2
100
4096
12288
45
11470
32767
60
330
41
3840
96
96
26213
2048
10
24
0
0
0
0
22938
0
0
0
0
0
0
0
22938
0
0
0
164
16
256
32767
281
350
64
64
2200
0
281
768
256
256
16000
8000
384
300
640
256
256
8000
6000
256
32767
16384
16384
32767
16384
512
12000
8192
1024
1024
1024
1200
4000
8000
0
0
0
20
20
20
1036
3276
2067
1036
3276
2067
9093
2048
512
2048
5
16384
16384
5827
819
128
32767
8192
32767
6
16384
16384
80
12
300
512
768
768
32
64
12000
64
16728
2048
6826
6826
6826
6826
6826
6826
6826
6826
6826
6826
6826
6826
6826
6826
6826
6826
6826
6826
6826
6826
6826
6826
6826
6826
6826
6826
6826
6826
6826
6826
6826
6826
6826
6826
6826
0
7
16384
256
4096
12055
32442
23170
4096
1
64
-6
4
18
8
0
6
-43
5
-4
-5
4
-28
-49
-1
-36
28
6
-3
52
35
39
78
-40
40
-12
-89
24
-190
-200
93
-348
957
4426
275
-210
-100
-113
26
-34
-6
-40
-32
-94
2
12
37
-14
12
-16
4
-33
-4
-34
-5
-33
-1
-28
-4
-25
7
-12
10
-14
8
0
0
0
0
0
0
0
0
0
0
0
0
0
0
0
0
0
0
0
0
0
0
0
0
0
0
0
0
0
0
0
0
0
0
0
0
0
0
0
0
0
0
0
0
0
0
0
0
0
0
0
0
0
0
0
0
0
0
0
0
0
0
0
0
0
0
0
0
0
0
0
0
0
0
0
0
0
0
0
0
0
0
0
0
0
0
0
0
0
0
0
0
0
0
0
0
0
0
0
0
0
0
0
0
0
0
0
0
0
0
0
0
0
0
0
0
0
0
0
0
0
0
0
0
0
0
0
0
1
5
-96
-83
-75
-67
0
-96
-96
-92
-67
0
50
300
1
-13
0
-93
6