516
4
10
0
0
2
3061
0
12797
0
20
1
1
3
0
1
0
1
2
0
1
0
1
40
8192
1
1
200
0
700
0
7000
1
31
0
8192
2048
0
96
8192
2048
80
8192
1024
1
776
256
128
128
600
3000
2000
256
128
256
64
5000
3000
300
256
256
64
0
32767
0
0
3000
280
512
768
8230
5827
16384
150
32767
256
1280
350
400
256
256
256
256
0
8231
8231
8231
8231
-6
9830
50
16384
16384
1
12000
32
64
64
16800
512
6826
6826
6826
6826
6826
6826
6826
6826
6826
6826
6826
6826
6826
6826
6826
0
0
2039
1830
0
82
74
0
0
0
150
0
0
0
0
8192
8192
2048
96
8192
6400
80
8192
4096
2
776
2048
64
8192
1024
48
8192
1024
2
100
2048
16384
15
11470
32767
60
0
41
3840
96
96
26213
2048
10
16
-220
31937
25
382
-464
-385
329
214
142
783
-409
1535
4269
3177
-1983
887
164
16
256
32767
281
460
128
128
600
0
281
512
128
128
4000
3000
96
300
512
128
128
6000
4000
196
32767
16384
16384
32767
16384
512
12000
8192
2048
1024
1474
800
5000
8000
0
0
0
20
20
20
823
3276
5827
823
3276
1626
9093
2048
512
2048
5
16384
16384
5827
819
256
32767
8192
32767
4
16384
16384
80
12
300
512
768
768
32
64
12000
64
16800
512
6826
6826
6826
6826
6826
6826
6826
6826
6826
6826
6826
6826
6826
6826
6826
6826
6826
6826
6826
6826
6826
6826
6826
6826
6826
6826
6826
6826
6826
6826
6826
6826
6826
6826
6826
0
7
16384
128
8189
25520
32685
23197
9216
1
64
-12
9
-16
10
-14
3
-24
-5
-30
-11
-39
-14
-29
-9
-36
-7
-23
-2
-38
-13
-26
-25
-67
-19
-35
-47
-61
23
-27
1
-110
248
3836
247
-110
3
-29
23
-64
-47
-38
-13
-67
-22
-27
-11
-37
-3
-24
-6
-32
-6
-29
-10
-37
-7
-28
-4
-25
8
-15
11
-17
8
0
0
0
0
0
0
0
0
0
0
0
0
0
0
0
0
0
0
0
0
0
0
0
0
0
0
0
0
0
0
0
0
0
0
0
0
0
0
0
0
0
0
0
0
0
0
0
0
0
0
0
0
0
0
0
0
0
0
0
0
0
0
0
0
0
0
0
0
0
0
0
0
0
0
0
0
0
0
0
0
0
0
0
0
0
0
0
0
0
0
0
0
0
0
0
0
0
0
0
0
0
0
0
0
0
0
0
0
0
0
0
0
0
0
0
0
0
0
0
0
0
0
0
0
0
0
0
0
1
5
-80
-75
-72
-24
0
-90
-85
-72
-24
0
1000
50
0
0
0
-90
10