516
4
10
0
0
2
3061
0
12797
0
20
1
1
3
0
1
0
1
2
0
1
0
1
40
8192
1
1
100
0
700
0
7000
1
31
0
16384
2048
0
96
8192
4096
80
8192
1024
1
100
384
128
128
600
4000
3000
512
256
256
64
6000
4000
640
256
256
128
0
32767
0
0
6000
280
512
768
8230
512
12000
150
32767
256
1280
350
400
256
256
256
256
0
8231
8231
8231
8231
-6
9830
50
16384
16384
1
12000
32
64
64
16800
512
6826
6826
6826
6826
6826
6826
6826
6826
6826
6826
6826
6826
6826
6826
6826
0
0
2039
1830
0
82
74
0
0
0
150
0
0
0
0
16384
8192
2048
96
8192
4096
80
8192
1024
1
100
2048
64
8192
768
48
8192
512
1
100
4096
16384
15
11470
32767
60
0
41
3840
96
96
26213
2048
10
16
-220
31937
25
382
-464
-385
329
214
142
783
-409
1535
4269
3177
-1983
887
164
16
256
32767
281
384
128
128
600
0
281
512
256
256
4000
3000
64
300
640
256
256
6000
4000
128
32767
0
0
32767
16384
512
12000
8192
2048
1024
1474
800
5000
8000
0
0
0
20
20
20
823
3276
5827
823
3276
1626
9093
2048
512
2048
5
16384
16384
5827
819
256
32767
8192
32767
4
16384
16384
80
12
300
512
768
768
32
64
12000
64
16800
512
6826
6826
6826
6826
6826
6826
6826
6826
6826
6826
6826
6826
6826
6826
6826
6826
6826
6826
6826
6826
6826
6826
6826
6826
6826
6826
6826
6826
6826
6826
6826
6826
6826
6826
6826
0
7
16384
128
8189
25520
32685
23197
9216
1
64
-17
-1
-6
24
-19
-3
-27
-11
-22
5
-42
-10
-6
-6
-56
-5
-12
12
-5
2
-45
-9
-45
-50
-46
9
-23
58
14
-110
-212
512
3770
513
-214
-107
12
57
-28
9
-48
-44
-44
-5
-42
5
-3
7
-13
-5
-52
-6
-7
-8
-41
6
-21
-12
-27
-1
-19
22
-4
-1
0
0
0
0
0
0
0
0
0
0
0
0
0
0
0
0
0
0
0
0
0
0
0
0
0
0
0
0
0
0
0
0
0
0
0
0
0
0
0
0
0
0
0
0
0
0
0
0
0
0
0
0
0
0
0
0
0
0
0
0
0
0
0
0
0
0
0
0
0
0
0
0
0
0
0
0
0
0
0
0
0
0
0
0
0
0
0
0
0
0
0
0
0
0
0
0
0
0
0
0
0
0
0
0
0
0
0
0
0
0
0
0
0
0
0
0
0
0
0
0
0
0
0
0
0
0
0
0
1
5
-80
-75
-72
-24
0
-90
-85
-72
-24
0
1000
50
0
0
0
-90
5